0.0490855
0.218531
0.134622
0.304105
0.0475775
0.0825504
0.0539436
0.0563759
0.0532092
0.105323
0.135988
0.0768209
0.0633465
0.0600977
0.324124
0.0660804
0.101009
0.0672113
0.0581698
0.0587055
0.0581975
0.057951
0.0572731
0.520396
0.0572749
0.0748024
0.0572296
0.0701033
0.265183
0.173725
0.0971864
0.0679496
0.0772721
0.0724343
0.0760196
0.100126
0.0863975
0.0929371
0.0835392
0.0773403
0.0791234
0.0865679
0.0888076
0.144018
0.261269
0.056583
0.186645
0.399679
0.0567321
0.0549919
0.0623692
0.0603045
0.0613582
0.0613365
0.0602373
0.062271
0.0640742
0.0812503
0.0583867
0.0715852
0.109942
0.42569
0.066563
0.0690895
0.320345
0.153677
0.0933887
0.0669671
0.0707874
0.0759318
0.0749203
0.0748938
0.0748742
0.211061
0.227369
0.0952509
0.072574
0.0767142
0.0797988
0.0811932
0.0811645
0.0817011
0.235775
0.11475
0.0567142
0.055972
0.0634808
0.0613793
0.267798
0.0624298
0.0865028
0.134731
0.223301
0.114884
0.0762167
0.0866734
0.107183
0.0852685
0.0852383
0.0782448
0.0841673
0.0756444
0.0823775
0.0689406
0.115958
0.0734907
0.105896
0.31528
0.0505606
0.0543876
0.0488803
0.0474214
0.599446
0.0506603
0.0489832
0.0498392
0.0498215
0.0930693
0.20661
0.117863
0.0958879
0.0902102
0.0953564
0.0991906
0.100924
0.100888
0.073911
0.244819
0.183161
0.0812211
0.0716403
0.0814692
0.0763686
0.0801486
0.107261
0.124256
0.107259
0.10041
0.0654462
0.0632689
0.0668782
0.0824015
0.319322
0.0707579
0.0645383
0.0600152
0.0597156
0.0615408
0.0567793
0.50541
0.0658072
0.0631078
0.0630855
0.0593196
0.0598659
0.0593478
0.0590964
0.0584052
0.527922
0.058407
0.0592753
0.0583608
0.0491546
0.0528752
0.0475284
0.0503088
0.582776
0.0728469
0.0476211
0.0484532
0.0484361
0.0591842
0.447856
0.111711
0.0737053
0.057366
0.0606386
0.0611522
0.064231
0.0641563
0.0650785
0.0700044
0.0648812
0.0601967
0.0573399
0.481298
0.0630482
0.0641499
0.0740036
0.210853
0.0650458
0.0686795
0.0635832
0.063119
0.0711694
0.0837338
0.29407
0.0797464
0.0720101
0.366373
0.0987468
0.0933672
0.0656339
0.0746387
0.0721678
0.0734288
0.0836337
0.0892267
0.0959804
0.0862748
0.0798729
0.0786167
0.0894027
0.086443
0.30626
0.0879224
0.0820563
0.0719435
0.0740267
0.0685337
0.0674558
0.134907
0.0741711
0.0890455
0.33786
0.0660436
0.0631558
0.0766515
0.059605
0.0586675
0.0844183
0.0836641
0.443747
0.0640469
0.0675458
0.262287
0.218929
0.0980479
0.0654708
0.0692057
0.0719884
0.0733057
0.0732204
0.0662642
0.390223
0.141331
0.0704714
0.0614992
0.0650076
0.0676215
0.0688031
0.0687788
0.0543827
0.391465
0.141259
0.115363
0.052712
0.0548158
0.0707047
0.0592042
0.0600936
0.0810471
0.161777
0.291848
0.0725508
0.0743336
0.0754835
0.0761228
0.0901447
0.0766926
0.0613053
0.463906
0.0832015
0.0653164
0.0601984
0.0628119
0.0653374
0.0714668
0.0664556
0.0807415
0.286338
0.118951
0.0882986
0.0791273
0.0827257
0.0887377
0.0875557
0.0875247
0.08223
0.207133
0.15997
0.12045
0.082281
0.0823922
0.101889
0.0810567
0.0825979
0.0931152
0.0985074
0.105255
0.0945074
0.0936324
0.139126
0.116748
0.131914
0.127195
0.0593196
0.0598659
0.0593478
0.0590964
0.0584052
0.527922
0.058407
0.0592753
0.0583608
0.0589682
0.0595113
0.0589962
0.0587463
0.0580592
0.530719
0.058061
0.0589242
0.058015
0.071403
0.312726
0.14109
0.101484
0.0692095
0.0731577
0.0760993
0.077429
0.0774017
0.0537143
0.270444
0.356781
0.0497404
0.0495978
0.055675
0.0545222
0.0547725
0.0547532
0.0644239
0.103665
0.0685169
0.0647451
0.0624447
0.169408
0.0665661
0.320661
0.0795699
0.0796007
0.110547
0.196113
0.072281
0.0859896
0.077276
0.105113
0.0760234
0.197056
0.0773899
0.165621
0.191274
0.156923
0.0750124
0.0792916
0.0850493
0.0839211
0.0855168
0.0620621
0.240711
0.247892
0.132339
0.0565667
0.0602096
0.0736726
0.0632848
0.0632624
0.0737127
0.337112
0.108365
0.0677914
0.0671857
0.0918677
0.07162
0.0751649
0.107181
0.0619111
0.0665972
0.0577473
0.120254
0.0545492
0.457873
0.0599796
0.0600832
0.0610061
0.085996
0.227677
0.173597
0.092591
0.0783814
0.0828529
0.0835546
0.0876903
0.0876593
0.0643932
0.258298
0.233092
0.066765
0.0588489
0.0620397
0.0663813
0.0656619
0.12452
0.0582173
0.0827051
0.0608169
0.0579983
0.0573198
0.0569259
0.0594188
0.509322
0.0572763
0.0731734
0.183479
0.202344
0.0983691
0.0709254
0.0806562
0.10281
0.108923
0.0793207
0.046936
0.100396
0.0643845
0.0440219
0.556472
0.0470285
0.0482453
0.0462662
0.0462499
0.0653426
0.243924
0.279527
0.0643473
0.0635052
0.0720246
0.0696403
0.0708571
0.0708321
0.0880051
0.253255
0.12432
0.0829819
0.0825808
0.0863362
0.0870674
0.091377
0.104076
0.105015
0.0543834
0.0539807
0.0535083
0.0513263
0.426772
0.0543565
0.057047
0.14361
0.0815753
0.132187
0.103803
0.126929
0.0790692
0.132995
0.0909196
0.0912287
0.161294
0.0824197
0.177504
0.212761
0.128949
0.0726191
0.0825822
0.0791334
0.0812436
0.0827884
0.16001
0.0751509
0.0540504
0.0500397
0.0492526
0.05601
0.0557058
0.444698
0.0550826
0.0643558
0.0624295
0.0692756
0.05604
0.0534037
0.0581693
0.0593856
0.460641
0.116299
0.0593196
0.0598659
0.0593478
0.0590964
0.0584052
0.527922
0.058407
0.0592753
0.0583608
0.0588453
0.0632831
0.0629514
0.0586239
0.0579602
0.523701
0.05794
0.0588014
0.0578941
0.065619
0.232485
0.2531
0.105739
0.0636031
0.0672315
0.0699348
0.0711568
0.0711317
0.0696845
0.248128
0.222016
0.0953203
0.0675437
0.0713969
0.0742677
0.0755654
0.0760779
0.0560849
0.0738601
0.0606764
0.0450805
0.0449714
0.0508074
0.0476265
0.162649
0.458244
0.0885216
0.143777
0.0691642
0.0736755
0.0517913
0.155594
0.0604207
0.299134
0.0579217
0.0676074
0.356083
0.0900351
0.0960894
0.0949474
0.0745211
0.0741164
0.0733131
0.0732872
0.0951527
0.0894155
0.0920047
0.0875265
0.143154
0.10279
0.0893713
0.0993419
0.201243
0.0558545
0.448005
0.145082
0.0590681
0.0541386
0.0572271
0.0595096
0.0605683
0.0605469
0.0555166
0.0967807
0.25575
0.269533
0.0541647
0.0905104
0.0573626
0.0602018
0.0601806
0.0501865
0.0539852
0.0485262
0.0470452
0.59501
0.0502855
0.0471372
0.0583713
0.0494529
0.0613994
0.460061
0.123584
0.0631641
0.0540984
0.0571846
0.0594839
0.0605233
0.0605019
0.0602874
0.456204
0.104092
0.0642319
0.0584354
0.061769
0.0642526
0.0653754
0.0653523
0.068703
0.0901477
0.0757632
0.301868
0.0626196
0.191978
0.0688319
0.0700565
0.0700317
0.0854923
0.189423
0.162728
0.108759
0.0828659
0.0942348
0.0911152
0.0927073
0.0926746
0.101415
0.109091
0.0980601
0.0907837
0.0893558
0.101615
0.0982513
0.211495
0.0999327
0.0609283
0.0597636
0.0592463
0.0589954
0.0583053
0.527019
0.0583072
0.059174
0.058261
0.0952926
0.102505
0.09214
0.0853029
0.0839613
0.0954805
0.0923196
0.0939328
0.259065
0.0993891
0.0926484
0.0953312
0.0981183
0.0868692
0.106506
0.095517
0.214928
0.110693
0.0670917
0.272808
0.213545
0.0979794
0.0650306
0.0687405
0.0693226
0.0727539
0.0727282
0.061492
0.476633
0.0901237
0.0607116
0.0560471
0.0592445
0.0616266
0.0627035
0.0714178
0.0633909
0.0628546
0.0631987
0.0567455
0.055853
0.0635159
0.0595393
0.512438
0.0624642
0.076238
0.35349
0.0952585
0.076439
0.0738959
0.0781115
0.0812523
0.0826721
0.0826428
0.0508851
0.0699863
0.0985572
0.525241
0.0463794
0.0485236
0.0494405
0.0518876
0.0590988
0.105062
0.142977
0.314233
0.0517665
0.0510891
0.0538591
0.167027
0.0570036
0.0569835
0.0577119
0.0745591
0.0609927
0.0582865
0.0568439
0.520334
0.0568241
0.0576689
0.0567791
0.043129
0.120177
0.103966
0.0393772
0.0396641
0.0591779
0.478855
0.0723085
0.0433456
0.0642444
0.419177
0.111076
0.0755107
0.0585558
0.0618962
0.0785431
0.0655101
0.0654869
0.113659
0.0686928
0.0672534
0.0860665
0.0620109
0.102616
0.0671978
0.0664695
0.366034
0.0526917
0.11784
0.499569
0.0561392
0.051073
0.0539866
0.0544438
0.0571386
0.0571184
0.129455
0.188045
0.115563
0.0898631
0.0884498
0.0934956
0.097255
0.0989544
0.0989194
0.0485031
0.090856
0.0558357
0.0434184
0.575052
0.0451735
0.0455561
0.047811
0.0477941
0.0695088
0.290721
0.120102
0.154154
0.0673734
0.0712169
0.0762008
0.0753749
0.0753483
0.0587589
0.0632065
0.056815
0.0545706
0.0517718
0.0588748
0.0569258
0.541177
0.0579
0.0607997
0.427073
0.0704004
0.0747694
0.0589319
0.0664264
0.0628214
0.0659309
0.112847
0.181528
0.0512176
0.0527007
0.0487901
0.0484339
0.0588785
0.0528034
0.0537261
0.451922
0.0593196
0.0598659
0.0593478
0.0590964
0.0584052
0.527922
0.058407
0.0592753
0.0583608
0.0869565
0.199845
0.114984
0.131593
0.0842851
0.101104
0.0926757
0.0942951
0.0942618
0.0504899
0.0543115
0.0488119
0.0502468
0.598607
0.0505894
0.0474222
0.0497694
0.0497518
0.0629833
0.0677506
0.0608995
0.0584938
0.0913988
0.0631075
0.0610183
0.472286
0.0620626
0.0803902
0.148752
0.119943
0.107869
0.0708309
0.221507
0.0922504
0.0792431
0.079215
0.0581251
0.063402
0.0637491
0.0588181
0.0563394
0.064069
0.0931453
0.479344
0.0630082
0.0719477
0.402236
0.101935
0.0644053
0.0633923
0.0670087
0.0697031
0.0884764
0.070896
0.0998581
0.101412
0.0911431
0.08958
0.0830658
0.257777
0.091335
0.092931
0.0928981
0.0659812
0.305932
0.190392
0.0872115
0.0639542
0.0676027
0.0758517
0.0715497
0.0715244
0.0549503
0.376179
0.198604
0.0847233
0.0532622
0.0563007
0.0567775
0.0596361
0.0595667
0.0677285
0.268534
0.164626
0.0997274
0.0656478
0.0746545
0.0693539
0.0737332
0.115995
0.0768877
0.0731422
0.0752441
0.0709248
0.0685652
0.0779721
0.0753908
0.384348
0.097525
0.0718891
0.0623568
0.0860192
0.0707072
0.0527099
0.0664667
0.0745853
0.455459
0.0598072
0.0549518
0.415829
0.18517
0.0585472
0.0532637
0.0563022
0.0567791
0.0595894
0.0595684
0.0659593
0.303766
0.231752
0.0762753
0.0601189
0.0635485
0.0640867
0.0672588
0.067235
0.153941
0.0650163
0.080973
0.0629654
0.0623825
0.0655106
0.08564
0.35853
0.0650418
0.053716
0.134359
0.162612
0.144129
0.0525116
0.273313
0.0617533
0.0582493
0.0593569
0.0577795
0.476271
0.107288
0.0584684
0.0560045
0.0591994
0.0597008
0.0626558
0.0626336
0.0960487
0.058452
0.0580191
0.0572171
0.0548059
0.4587
0.0602618
0.0952019
0.0612932
0.0873944
